126
189
178
191
180
192
177
190
175
186
117
188
121
189
120
186
122
188
116
189
119
187
106
186
109
188
112
189
124
187
104
186
116
184
113
187
174
191
111
188
118
185
122
187
102
186
113
193
116
187
123
186
105
188
108
185
114
188
110
193
112
187
118
182
117
183
99
187
101
184
115
187
121
184
106
188
104
189
113
182
120
187
114
194
112
191
173
80
165
77
163
75
162
73
163
74
162
76
164
40
51
19
30
18
48
19
47
20
50
18
52
39
162
38
49
18
53
17
51
25
50
26
49
19
56
18
51
23
53
16
159
146
157
144
155
142
66
141
65
144
64
141
63
140
60
141
67
149
71
155
74
160
15
159
13
158
75
165
74
154
143
132
153
129
3
132
190
176
187
125
186
119
181
115
193
111
187
105
189
117
196
121
186
107
188
113
192
119
184
123
188
100
187
117
193
118
186
91
176
45
20
55
18
57
140
61
146
66
156
141
130
155
14
161
36
162
72
156
74
164
35
50
158
14
157
70
156
129
190
179
47
180
44
171
41
162
77
164
75
159
12
160
75
166
74
153
134
151
130
2
132
155
47
21
60
147
64
154
128
2
136
5
131
190
109
184
84
181
43
173
189
98
188
103
187
108
191
172
80
163
39
164
36
47
154
72
165
78
162
40
163
76
165
73
155
127
186
114
182
121
185
124
1
133
152
63
21
32
18
45
177
93
183
84
173
42
162
81
12
155
48
138
58
18
54
21
51
24
52
19
57
17
59
140
62
141
121
194
111
186
87
173
79
163
52
196
116
185
174
188
99
182
82
184
112
182
101
188
93
189
97
183
120
198
119
185
105
182
122
139
63
149
135
150
46
22
148
68
146
165
70
146
10
28
7
139
47
192
46
180
43
167
41
172
85
164
38
161
30
7
59
148
64
156
48
27
134
161
51
195
125
152
48
137
126
186
101
189
91
173
82
13
154
131
199
137
113
180
50
160
11
79
174
80
162
37
166
145
64
151
45
149
66
147
69
27
12
80
176
48
194
116
179
51
34
162
83
184
86
188
96
186
108
180
42
168
38
135
48
154
63
151
72
28
75
168
44
136
46
153
64
140
58
17
55
25
160
21
162
87
165
89
18
47
152
62
22
159
36
49
158
16
155
63
148
136
123
138
112
126
156
9
75
161
13
81
171
192
48
180
94
187
107
182
102
188
177
46
19
53
197
116
183
106
189
88
173
188
120
142
60
150
67
144
69
165
84
14
160
51
159
37
23
68
147
65
151
127
110
187
166
36
24
150
71
163
51
26
58
7
33
68
144
66
162
20
52
17
60
144
118
180
41
164
82
174
43
147
12
161
72
8
21
146
60
137
45
189
95
183
124
113
195
50
154
124
196
112
178
114
189
118
107
190
101
3
104
4
134
28
50
181
117
194
50
177
80
13
156
15
86
189
92
184
122
193
46
154
62
21
64
139
111
128
5
130
188
89
186
112
10
77
29
8
73
150
131
158
51
22
59
147
67
162
51
7
35
158
29
79
176
87
18
88
162
43
134
150
64
152
126
2
154
15
59
18
90
165
188
87
76
160
10
111
182
167
186
103
189
122
152
46
178
101
4
131
26
70
152
61
141
57
28
68
142
119
179
49
33
86
180
52
162
133
28
135
0
112
125
184
104
2
102
195
116
182
85
188
97
187
109
129
186
115
196
99
186
171
146
64
155
123
183
111
2
107
184
114
9
20
51
10
43
172
151
24
67
143
160
19
55
198
132
88
188
84
15
83
13
160
52
41
165
82
34
47
151
60
8
62
73
159
14
82
162
50
27
16
61
149
138
60
25
159
52
182
119
188
91
198
112
142
64
149
44
190
46
181
168
185
102
3
100
186
92
173
46
21
159
130
107
136
27
73
84
189
166
89
174
86
171
45
187
90
164
37
81
29
160
72
149
23
166
72
163
93
0
103
184
172
51
155
15
54
17
56
141
120
181
121
140
65
145
69
23
45
180
112
127
0
97
3
99
193
51
197
107
189
111
199
120
184
117
142
18
85
15
158
64
157
75
8
32
50
8
71
86
35
46
137
59
145
116
11
162
183
108
119
193
107
5
106
177
51
157
66
182
44
189
87
34
159
144
63
7
22
60
7
61
75
169
180
83
125
138
56
140
110
130
196
114
191
100
1
154
133
163
26
117
185
101
0
107
185
113
10
76
27
135
47
156
122
140
49
153
63
18
35
162
68
149
170
42
164
51
181
118
184
166
77
11
44
148
65
85
72
148
120
196
118
149
160
39
169
152
60
149
65
143
119
183
115
179
118
12
51
30
163
55
199
104
196
89
19
91
196
111
192
172
25
115
185
94
188
43
7
53
180
63
86
162
84
30
158
52
25
10
78
29
153
60
32
70
40
165
95
1
106
120
153
125
82
66
143
68
41
149
62
151
129
111
20
163
43
184
108
189
102
114
125
0
130
146
67
145
176
104
185
83
35
92
194
183
51
194
113
21
61
17
89
133
7
34
48
151
23
12
146
135
36
81
165
190
43
152
72
157
185
111
5
103
2
97
184
161
89
176
117
195
112
147
62
7
29
82
18
86
190
96
196
49
163
182
124
139
60
40
80
66
151
121
147
57
41
159
49
17
87
132
195
99
168
107
196
113
183
122
181
49
192
114
20
37
7
27
11
161
21
145
68
183
104
1
94
173
89
198
53
76
99
189
133
48
141
59
9
161
37
88
17
85
35
82
62
138
105
197
90
133
150
58
19
162
49
22
160
81
175
191
94
196
110
135
115
188
127
158
71
147
170
181
109
5
52
161
69
54
198
100
4
30
49
7
39
81
14
83
188
95
106
137
1
111
195
122
146
172
78
166
178
50
155
10
75
64
7
67
148
163
189
115
182
165
68
55
139
61
153
50
19
87
161
73
151
162
30
150
116
101
90
34
23
135
5
29
72
147
164
187
98
4
103
3
106
131
2
94
189
57
7
45
183
121
31
158
184
105
178
119
180
117
129
5
102
184
110
95
186
45
154
4
138
61
87
16
51
27
8
74
89
185
103
14
57
21
35
88
197
93
184
151
29
80
124
155
65
146
45
34
89
102
174
51
150
61
79
161
15
26
9
61
148
43
168
36
7
66
145
133
112
190
93
193
101
196
90
70
49
157
15
166
57
199
113
136
109
2
112
141
153
16
160
135
121
193
114
195
183
159
39
86
186
98
169
136
58
164
52
7
31
48
37
141
108
43
164
93
162
54
7
109
183
118
194
115
143
69
40
79
10
52
74
161
39
168
80
37
172
145
63
150
59
46
151
59
152
44
19
8
70
149
117
27
113
11
23
160
26
13
162
70
144
173
41
75
101
183
170
105
125
80
98
196
181
104
167
187
85
14
104
191
86
166
42
172
86
194
134
48
136
35
94
184
99
116
132
89
197
136
22
112
148
66
140
105
4
107
183
65
150
47
147
158
46
14
100
5
99
133
27
72
54
166
182
50
17
83
29
85
173
112
183
103
114
1
153
164
56
67
142
72
101
2
32
7
38
167
90
19
61
151
139
48
193
129
0
56
44
166
97
196
51
152
128
117
16
86
62
78
177
146
63
17
138
196
106
185
99
2
123
156
120
193
91
20
88
40
85
156
63
76
8
143
64
138
28
43
62
37
180
122
133
103
195
108
182
123
111
197
95
81
44
162
190
179
114
181
116
130
189
89
61
172
83
18
60
29
135
159
65
156
49
151
167
181
112
12
82
28
8
132
160
48
7
21
109
97
37
92
198
185
92
192
45
188
125
193
106
182
110
121
179
117
10
63
95
184
173
90
199
53
73
9
160
42
66
84
35
79
96
3
28
118
190
111
6
137
163
34
156
16
107
78
164
183
114
150
82
36
165
39
101
197
186
94
83
186
130
4
65
152
136
31
20
145
45
27
146
119
190
161
88
187
128
108
193
88
198
106
191
109
124
31
43
60
148
169
42
76
35
87
197
100
183
105
79
67
21
166
92
188
56
24
7
68
151
51
15
101
134
190
41
78
11
94
197
92
20
89
33
69
146
71
37
160
65
142
77
8
63
27
101
166
96
183
86
32
5
105
19
43
165
185
172
36
158
140
55
84
16
88
185
110
189
178
118
176
191
113
135
170
87
190
121
152
163
136
105
2
152
31
117
197
114
180
116
177
141
116
192
51
154
176
147
70
81
52
178
115
134
56
139
57
72
158
169
36
66
183
48
59
149
49
155
46
162
15
4
102
14
28
1
103
86
130
163
41
7
104
42
188
177
43
143
60
136
147
21
48
157
65
7
105
91
197
109
146
112
137
29
162
47
194
103
182
54
19
132
189
41
82
30
0
184
111
181
106
199
99
26
158
87
62
2
100
76
166
191
118
197
132
113
1
108
192
109
44
55
162
59
80
147
61
145
178
109
76
161
149
125
136
49
164
59
70
45
175
75
111
143
19
7
71
162
79
13
25
98
12
63
147
110
10
92
161
20
160
31
127
3
142
73
42
29
74
159
50
23
96
107
194
182
161
49
152
24
100
43
187
93
126
21
89
2
93
186
168
179
152
67
35
81
19
92
112
139
51
11
109
193
105
16
85
33
90
198
103
197
151
58
149
120
179
113
181
195
106
4
140
46
20
64
53
196
137
148
69
7
23
125
104
182
47
171
147
182
171
150
62
142
176
86
195
94
108
181
124
77
12
93
69
184
98
40
84
13
47
69
149
28
76
125
190
113
197
97
165
154
16
106
2
96
187
176
25
39
139
59
135
57
83
183
102
196
50
150
112
144
129
116
133
160
24
58
71
44
26
37
94
182
58
13
120
157
50
149
51
180
166
13
151
42
7
46
186
160
83
19
109
169
192
112
136
56
7
101
199
188
90
35
134
0
11
80
91
133
164
89
182
109
180
62
96
85
63
181
48
164
44
10
91
187
44
33
162
177
118
195
130
114
11
32
0
55
137
57
183
42
53
75
167
81
173
69
160
66
185
109
122
190
74
88
99
1
131
157
128
6
100
111
151
140
53
20
112
149
46
116
178
88
3
153
168
50
15
117
97
77
52
8
134
147
73
157
37
89
172
189
109
195
101
5
104
82
17
86
30
3
64
24
145
70
142
115
180
111
170
40
186
2
29
12
99
14
163
69
80
27
38
62
148
123
81
163
85
190
110
192
70
28
150
182
198
93
165
42
23
72
169
106
192
95
35
170
84
18
66
153
25
104
195
119
141
122
40
83
145
156
51
173
101
1
127
141
68
57
46
65
17
84
115
174
152
52
155
166
59
138
54
9
93
133
118
198
12
131
120
154
181
105
196
70
159
87
15
82
160
36
181
110
183
50
62
88
195
124
188
131
27
147
160
77
40
24
13
97
199
86
156
75
46
187
198
109
16
161
90
184
48
148
71
82
169
59
144
62
17
46
146
175
143
106
133
35
78
123
189
129
42
175
113
101
16
118
192
179
167
58
47
169
77
27
151
162
45
148
14
153
48
140
123
3
105
1
107
121
11
63
142
6
105
74
142
76
17
68
158
37
49
60
134
34
152
0
128
147
48
12
79
181
123
190
108
196
185
50
198
101
66
83
33
164
180
101
14
94
111
142
107
126
31
63
143
34
158
17
30
104
84
65
9
20
49
194
87
131
187
126
82
185
162
62
153
133
161
40
158
19
88
120
53
183
172
72
145
117
105
198
30
166
58
137
27
79
165
32
4
95
2
80
169
146
43
13
2
57
180
106
88
190
116
49
25
151
4
64
189
158
185
170
44
151
71
188
11
22
54
118
89
183
98
195
115
192
67
197
8
59
159
72
108
5
28
9
55
41
27
116
175
90
60
164
175
112
91
61
179
110
194
108
199
92
21
156
167
70
185
100
199
184
163
36
88
45
56
142
71
135
114
4
63
193
179
143
25
14
133
3
90
190
95
23
162
132
119
11
146
58
142
50
148
115
127
139
150
161
145
132
32
46
168
31
139
74
49
154
0
153
6
59
19
86
38
173
44
84
64
182
100
117
48
82
163
12
113
50
12
46
183
91
18
29
86
132
90
106
8
64
136
57
87
154
25
146
62
85
37
78
163
92
130
8
36
183
94
192
123
145
62
155
177
112
151
78
96
1
98
166
81
68
51
198
121
132
157
44
144
57
125
31
109
89
187
95
179
104
131
198
84
161
71
145
43
171
193
102
165
178
111
9
78
66
55
148
19
33
3
190
127
152
180
80
43
21
10
50
152
68
155
141
42
163
15
177
115
27
185
85
110
33
88
191
69
142
79
17
47
61
173
115
98
3
16
103
91
2
180
55
168
41
105
14
141
4
187
82
161
66
138
153
73
164
55
167
107
181
192
104
142
75
199
102
66
159
170
24
97
35
60
1
58
135
31
153
9
76
197
115
80
161
176
113
130
93
82
186
48
158
181
148
159
120
109
33
91
178
94
181
42
190
104
180
49
133
57
20
41
80
65
168
106
197
129
25
119
177
166
25
36
86
160
18
61
164
32
123
1
92
58
12
92
134
26
151
30
2
34
22
143
167
85
125
103
192
85
160
67
194
9
79
143
177
189
0
131
163
174
60
88
184
195
65
54
43
75
45
172
137
54
196
136
45
69
150
29
156
71
136
108
197
134
47
118
94
165
44
153
65
3
87
119
153
12
101
26
164
21
195
107
179
150
66
173
110
186
38
88
68
11
95
182
193
98
2
127
196
14
54
13
124
159
29
84
114
28
39
63
74
152
120
145
36
157
16
83
72
189
10
150
48
94
4
122
138
149
122
111
23
117
178
167
189
85
64
193
71
173
162
48
114
177
44
139
38
84
187
39
9
147
116
103
199
188
167
47
137
124
0
34
147
40
58
148
73
154
33
60
49
186
175
43
102
181
126
190
97
19
161
61
144
81
92
187
130
158
97
83
70
148
74
7
26
116
33
2
116
13
76
123
112
179
96
37
93
185
98
160
71
47
7
108
45
152
26
42
174
36
184
8
40
140
52
183
17
81
11
123
99
0
102
46
96
74
172
64
50
147
39
183
158
137
71
95
67
156
22
45
169
180
191
105
139
62
9
25
178
113
3
125
66
13
101
112
140
152
185
86
1
12
157
76
18
181
96
165
100
89
127
16
99
23
142
153
180
105
179
108
39
80
184
87
69
153
85
131
142
36
50
156
82
49
175
108
151
133
144
21
149
48
161
188
46
159
38
91
185
67
151
52
118
130
160
90
192
76
112
5
20
31
143
59
136
68
161
32
43
191
107
7
190
117
198
110
124
191
148
57
170
48
118
32
133
0
87
99
36
95
24
53
139
65
45
33
141
109
131
25
125
14
86
34
145
84
47
187
19
113
86
169
78
56
135
122
158
58
190
9
32
166
155
72
164
153
38
26
74
174
117
192
43
169
65
197
186
13
91
166
39
5
91
34
112
93
77
62
51
182
10
144
79
126
110
99
18
73
10
24
49
137
61
22
116
151
39
149
160
6
17
156
88
111
12
126
95
168
154
8
139
128
115
104
198
152
16
162
182
97
193
176
114
32
153
54
167
29
164
71
60
48
188
128
33
113
56
20
2
124
78
185
81
181
89
134
146
59
2
115
21
165
98
14
199
77
44
150
72
186
55
7
103
180
107
20
120
185
95
3
189
1
155
121
19
80
8
19
72
44
79
68
150
23
169
40
66
184
171
79
145
180
120
178
63
46
35
14
43
91
168
129
21
181
101
76
122
28
140
116
56
105
31
164
146
179
197
66
170
88
163
176
187
87
128
189
63
167
44
155
135
69
58
139
119
194
131
191
50
146
73
196
185
65
133
11
90
20
93
139
150
170
39
152
29
42
177
25
46
111
140
54
92
195
138
18
127
4
109
98
173
186
34
155
179
106
190
94
193
89
35
96
80
196
126
137
69
156
117
0
89
178
107
198
99
121
43
54
77
9
51
153
123
